------mean------ 
hue:     41.037056 
satur:   0.743828 
value:   101.983223 
A:   -8.296875 
B:   -18.859375 

------lesion0------ 
hue:     43.821774 
satur:   0.756954 
value:   96.943817 
A:   -9.968750 
B:   -16.703125 
perc_diff_hue: 6.785861 
perc_diff_sat: 1.764641 
perc_diff_val: 4.941407 
perc_diff_A: -20.150658 
perc_diff_B: 11.433306 

lesion0 is different enough 

------lesion1------ 
hue:     39.665722 
satur:   0.711880 
value:   110.363640 
A:   -7.921875 
B:   -20.203125 
perc_diff_hue: -3.341697 
perc_diff_sat: -4.295114 
perc_diff_val: -8.217446 
perc_diff_A: 4.519774 
perc_diff_B: -7.125103 

lesion1 is too similar to skin 

------lesion2------ 
hue:     40.067795 
satur:   0.883763 
value:   75.863640 
A:   -5.468750 
B:   -17.906250 
perc_diff_hue: -2.361917 
perc_diff_sat: 18.812750 
perc_diff_val: 25.611649 
perc_diff_A: 34.086628 
perc_diff_B: 5.053853 

lesion2 is different enough 

size of contours now: 0.000000 

