------MEAN------ 
hue:     219.011078 
satur:   0.251823 
value:   139.469574 

------lesion0------ 
hue:     231.727356 
satur:   0.470807 
value:   135.462814 
perc_diff_hue: 5.806226 
perc_diff_sat: 86.959488 
perc_diff_val: 2.872856 

lesion0 is red (1) 

------lesion1------ 
hue:     227.463776 
satur:   0.341321 
value:   130.079788 
perc_diff_hue: 3.859484 
perc_diff_sat: 35.539906 
perc_diff_val: 6.732497 

lesion1 is red (1) 

