------MEAN------ 
hue:     239.198135 
satur:   0.290353 
value:   245.418716 

------lesion0------ 
hue:     242.787323 
satur:   0.377707 
value:   244.425995 
perc_diff_hue: 1.500508 
perc_diff_sat: 30.085335 
perc_diff_val: 0.404501 

lesion0 is red, but light 

