------lesion0------ 
hue:     230.265030 
satur:   0.436143 
value:   241.840912 
perc_diff_hue: 2.255487 
perc_diff_sat: -26.368538 
perc_diff_val: -8.587560 

lesion0 is too similar to skin 

------lesion1------ 
hue:     229.301666 
satur:   0.289406 
value:   241.460007 
perc_diff_hue: 1.827679 
perc_diff_sat: -51.141293 
perc_diff_val: -8.416532 

lesion1 is too similar to skin 

------lesion2------ 
hue:     219.202286 
satur:   0.240701 
value:   248.940002 
perc_diff_hue: -2.657228 
perc_diff_sat: -59.363960 
perc_diff_val: -11.775080 

lesion2 is too similar to skin 

size of contours now: 0.000000 

