------MEAN------ 
hue:     222.705063 
satur:   0.393099 
value:   244.726898 

------lesion0------ 
hue:     225.781738 
satur:   0.435708 
value:   204.193771 
perc_diff_hue: 1.381502 
perc_diff_sat: 10.839139 
perc_diff_val: 16.562595 

lesion0 is too similar to skin 

------lesion1------ 
hue:     222.403564 
satur:   0.460645 
value:   229.976120 
perc_diff_hue: -0.135380 
perc_diff_sat: 17.182796 
perc_diff_val: 6.027444 

lesion1 is dark 

