------lesion1------ 
hue:     220.860489 
satur:   0.423764 
value:   243.239136 
perc_diff_hue: -0.469244 
perc_diff_sat: 9.759845 
perc_diff_val: 1.486461 

lesion1 is too similar to skin 

------lesion2------ 
hue:     224.714172 
satur:   0.428769 
value:   210.273132 
perc_diff_hue: 1.267419 
perc_diff_sat: 11.056074 
perc_diff_val: 14.837922 

lesion2 is too similar to skin 

size of contours now: 0.000000 

