------MEAN------ 
hue:     217.025681 
satur:   0.372687 
value:   252.444626 

------lesion0------ 
lesion0 size is 161.00 
hue:     218.540558 
satur:   0.534058 
value:   253.068787 
perc_diff_hue: 0.698018 
perc_diff_sat: 43.299522 
perc_diff_val: -0.247247 

lesion0 is red, but light 

