------MEAN------ 
hue:     221.166641 
satur:   0.418245 
value:   231.417603 

