------MEAN------ 
hue:     222.916962 
satur:   0.364848 
value:   250.944275 

