------MEAN------ 
hue:     214.537125 
satur:   0.567885 
value:   148.674896 

------lesion0------ 
hue:     214.494034 
satur:   0.643904 
value:   75.580643 
perc_diff_hue: -0.020085 
perc_diff_sat: 13.386233 
perc_diff_val: 49.163815 

lesion0 is dark 

------lesion1------ 
hue:     224.458069 
satur:   0.621891 
value:   143.480667 
perc_diff_hue: 4.624349 
perc_diff_sat: 9.509899 
perc_diff_val: 3.493683 

lesion1 is too similar to skin 

