------MEAN------ 
hue:     222.094421 
satur:   0.402732 
value:   240.763367 

