------MEAN------ 
hue:     222.343018 
satur:   0.362416 
value:   252.394394 

