------MEAN------ 
hue:     223.847763 
satur:   0.392358 
value:   245.347580 

