------MEAN------ 
hue:     223.892487 
satur:   0.247015 
value:   241.639313 

------lesion0------ 
lesion0 size is 89.50 
hue:     221.116287 
satur:   0.378209 
value:   243.943924 
perc_diff_hue: -1.239970 
perc_diff_sat: 53.111862 
perc_diff_val: -0.953740 

lesion0 is red, but light 

