------MEAN------ 
hue:     218.227112 
satur:   0.370606 
value:   193.854111 

------lesion0------ 
lesion0 size is 907.50 
hue:     217.573761 
satur:   0.470847 
value:   152.264648 
perc_diff_hue: -0.299390 
perc_diff_sat: 27.047747 
perc_diff_val: 21.454000 

lesion0 is dark 

