------lesion1------ 
hue:     250.104645 
satur:   0.576329 
value:   75.800003 
perc_diff_hue: 3.822929 
perc_diff_sat: 9.508574 
perc_diff_val: 9.227774 

lesion1 is too similar to skin 

------lesion2------ 
hue:     260.471344 
satur:   0.522347 
value:   73.308945 
perc_diff_hue: 8.126332 
perc_diff_sat: -0.748583 
perc_diff_val: 12.210873 

lesion2 is too similar to skin 

------lesion3------ 
hue:     250.743103 
satur:   0.540034 
value:   83.063492 
perc_diff_hue: 4.087965 
perc_diff_sat: 2.612275 
perc_diff_val: 0.529581 

lesion3 is too similar to skin 

size of contours now: 0.000000 

