------MEAN------ 
hue:     223.421402 
satur:   0.400032 
value:   232.774597 

