------MEAN------ 
hue:     224.274841 
satur:   0.381309 
value:   243.543320 

------lesion0------ 
lesion0 size is 532.50 
hue:     224.942566 
satur:   0.410355 
value:   236.593369 
perc_diff_hue: 0.297726 
perc_diff_sat: 7.617537 
perc_diff_val: 2.853682 

lesion0 is too similar to skin 

