------MEAN------ 
hue:     240.880951 
satur:   0.526259 
value:   83.495941 

------lesion0------ 
hue:     264.336609 
satur:   0.568370 
value:   62.268116 
perc_diff_hue: 9.737449 
perc_diff_sat: 8.001844 
perc_diff_val: 25.423780 

lesion0 is red (2) 

