------lesion0------ 
hue:     225.159729 
satur:   0.300991 
value:   228.800003 
perc_diff_hue: 1.865154 
perc_diff_sat: -9.186679 
perc_diff_val: 0.032668 

lesion0 is too similar to skin 

------lesion1------ 
hue:     240.149338 
satur:   0.345130 
value:   215.592590 
perc_diff_hue: 8.646646 
perc_diff_sat: 4.130725 
perc_diff_val: 5.803252 

lesion1 is different enough 

size of contours now: 0.000000 

