------MEAN------ 
hue:     215.141953 
satur:   0.437194 
value:   197.949921 

------lesion0------ 
lesion0 size is 178.00 
hue:     220.324844 
satur:   0.498868 
value:   196.732666 
perc_diff_hue: 2.409057 
perc_diff_sat: 14.106748 
perc_diff_val: 0.614931 

lesion0 is red, but light 

------lesion1------ 
lesion1 size is 950.50 
hue:     217.810074 
satur:   0.513557 
value:   165.664474 
perc_diff_hue: 1.240168 
perc_diff_sat: 17.466787 
perc_diff_val: 16.309906 

lesion1 is dark 

